# cell           x     rho_el.     rho_ion   n_el  n_ion
    -1  -2.410e-02   0.000e+00   0.000e+00      0      0
     0  -1.205e-02   0.000e+00   0.000e+00      0      0
     1   0.000e+00   0.000e+00   0.000e+00      0      0
     2   1.205e-02   0.000e+00   0.000e+00      0      0
     3   2.410e-02   0.000e+00   0.000e+00      0      0
     4   3.614e-02   0.000e+00   0.000e+00      0      0
     5   4.819e-02   0.000e+00   0.000e+00      0      0
     6   6.024e-02   0.000e+00   0.000e+00      0      0
     7   7.229e-02   0.000e+00   0.000e+00      0      0
     8   8.434e-02   0.000e+00   0.000e+00      0      0
     9   9.639e-02   0.000e+00   0.000e+00      0      0
    10   1.084e-01   0.000e+00   0.000e+00      0      0
    11   1.205e-01   0.000e+00   0.000e+00      0      0
    12   1.325e-01   0.000e+00   0.000e+00      0      0
    13   1.446e-01   0.000e+00   0.000e+00      0      0
    14   1.566e-01   0.000e+00   0.000e+00      0      0
    15   1.687e-01   0.000e+00   0.000e+00      0      0
    16   1.807e-01   0.000e+00   0.000e+00      0      0
    17   1.928e-01   0.000e+00   0.000e+00      0      0
    18   2.048e-01   0.000e+00   0.000e+00      0      0
    19   2.169e-01   0.000e+00   0.000e+00      0      0
    20   2.289e-01   0.000e+00   0.000e+00      0      0
    21   2.410e-01   0.000e+00   0.000e+00      0      0
    22   2.530e-01   0.000e+00   0.000e+00      0      0
    23   2.651e-01   0.000e+00   0.000e+00      0      0
    24   2.771e-01   0.000e+00   0.000e+00      0      0
    25   2.892e-01   0.000e+00   0.000e+00      0      0
    26   3.012e-01   0.000e+00   0.000e+00      0      0
    27   3.133e-01   0.000e+00   0.000e+00      0      0
    28   3.253e-01   0.000e+00   0.000e+00      0      0
    29   3.373e-01   0.000e+00   0.000e+00      0      0
    30   3.494e-01   0.000e+00   0.000e+00      0      0
    31   3.614e-01   0.000e+00   0.000e+00      0      0
    32   3.735e-01   0.000e+00   0.000e+00      0      0
    33   3.855e-01   0.000e+00   0.000e+00      0      0
    34   3.976e-01   0.000e+00   0.000e+00      0      0
    35   4.096e-01   0.000e+00   0.000e+00      0      0
    36   4.217e-01   0.000e+00   0.000e+00      0      0
    37   4.337e-01   0.000e+00   0.000e+00      0      0
    38   4.458e-01   0.000e+00   0.000e+00      0      0
    39   4.578e-01   0.000e+00   0.000e+00      0      0
    40   4.699e-01   0.000e+00   0.000e+00      0      0
    41   4.819e-01   0.000e+00   0.000e+00      0      0
    42   4.940e-01   0.000e+00   0.000e+00      0      0
    43   5.060e-01   0.000e+00   0.000e+00      0      0
    44   5.181e-01   0.000e+00   0.000e+00      0      0
    45   5.301e-01   0.000e+00   0.000e+00      0      0
    46   5.422e-01   0.000e+00   0.000e+00      0      0
    47   5.542e-01   0.000e+00   0.000e+00      0      0
    48   5.663e-01   0.000e+00   0.000e+00      0      0
    49   5.783e-01   0.000e+00   0.000e+00      0      0
    50   5.904e-01   0.000e+00   0.000e+00      0      0
    51   6.024e-01   0.000e+00   0.000e+00      0      0
    52   6.145e-01   0.000e+00   0.000e+00      0      0
    53   6.265e-01   0.000e+00   0.000e+00      0      0
    54   6.386e-01   0.000e+00   0.000e+00      0      0
    55   6.506e-01   0.000e+00   0.000e+00      0      0
    56   6.627e-01   0.000e+00   0.000e+00      0      0
    57   6.747e-01   0.000e+00   0.000e+00      0      0
    58   6.867e-01   0.000e+00   0.000e+00      0      0
    59   6.988e-01   0.000e+00   0.000e+00      0      0
    60   7.108e-01   0.000e+00   0.000e+00      0      0
    61   7.229e-01   0.000e+00   0.000e+00      0      0
    62   7.349e-01   0.000e+00   0.000e+00      0      0
    63   7.470e-01   0.000e+00   0.000e+00      0      0
    64   7.590e-01   0.000e+00   0.000e+00      0      0
    65   7.711e-01   0.000e+00   0.000e+00      0      0
    66   7.831e-01   0.000e+00   0.000e+00      0      0
    67   7.952e-01   0.000e+00   0.000e+00      0      0
    68   8.072e-01   0.000e+00   0.000e+00      0      0
    69   8.193e-01   0.000e+00   0.000e+00      0      0
    70   8.313e-01   0.000e+00   0.000e+00      0      0
    71   8.434e-01   0.000e+00   0.000e+00      0      0
    72   8.554e-01   0.000e+00   0.000e+00      0      0
    73   8.675e-01   0.000e+00   0.000e+00      0      0
    74   8.795e-01   0.000e+00   0.000e+00      0      0
    75   8.916e-01   0.000e+00   0.000e+00      0      0
    76   9.036e-01   0.000e+00   0.000e+00      0      0
    77   9.157e-01   0.000e+00   0.000e+00      0      0
    78   9.277e-01   0.000e+00   0.000e+00      0      0
    79   9.398e-01   0.000e+00   0.000e+00      0      0
    80   9.518e-01   0.000e+00   0.000e+00      0      0
    81   9.639e-01   0.000e+00   0.000e+00      0      0
    82   9.759e-01   0.000e+00   0.000e+00      0      0
    83   9.880e-01   0.000e+00   0.000e+00      0      0
    84   1.000e+00   0.000e+00   0.000e+00      0      0
    85   1.012e+00   0.000e+00   0.000e+00      0      0
    86   1.024e+00   0.000e+00   0.000e+00      0      0
    87   1.036e+00   0.000e+00   0.000e+00      0      0
    88   1.048e+00   0.000e+00   0.000e+00      0      0
    89   1.060e+00   0.000e+00   0.000e+00      0      0
    90   1.072e+00   0.000e+00   0.000e+00      0      0
    91   1.084e+00   0.000e+00   0.000e+00      0      0
    92   1.096e+00   0.000e+00   0.000e+00      0      0
    93   1.108e+00   0.000e+00   0.000e+00      0      0
    94   1.120e+00   0.000e+00   0.000e+00      0      0
    95   1.133e+00   0.000e+00   0.000e+00      0      0
    96   1.145e+00   0.000e+00   0.000e+00      0      0
    97   1.157e+00   0.000e+00   0.000e+00      0      0
    98   1.169e+00   0.000e+00   0.000e+00      0      0
    99   1.181e+00   0.000e+00   0.000e+00      0      0
   100   1.193e+00   0.000e+00   0.000e+00      0      0
   101   1.205e+00   0.000e+00   0.000e+00      0      0
   102   1.217e+00   0.000e+00   0.000e+00      0      0
   103   1.229e+00   0.000e+00   0.000e+00      0      0
   104   1.241e+00   0.000e+00   0.000e+00      0      0
   105   1.253e+00   0.000e+00   0.000e+00      0      0
   106   1.265e+00   0.000e+00   0.000e+00      0      0
   107   1.277e+00   0.000e+00   0.000e+00      0      0
   108   1.289e+00   0.000e+00   0.000e+00      0      0
   109   1.301e+00   0.000e+00   0.000e+00      0      0
   110   1.313e+00   0.000e+00   0.000e+00      0      0
   111   1.325e+00   0.000e+00   0.000e+00      0      0
   112   1.337e+00   0.000e+00   0.000e+00      0      0
   113   1.349e+00   0.000e+00   0.000e+00      0      0
   114   1.361e+00   0.000e+00   0.000e+00      0      0
   115   1.373e+00   0.000e+00   0.000e+00      0      0
   116   1.386e+00   1.000e+00   1.000e+00   2000   1000
   117   1.398e+00   1.000e+00   1.000e+00   2000   1000
   118   1.410e+00   1.000e+00   1.000e+00   2000   1000
   119   1.422e+00   1.000e+00   1.000e+00   2000   1000
   120   1.434e+00   1.000e+00   1.000e+00   2000   1000
   121   1.446e+00   1.000e+00   1.000e+00   2000   1000
   122   1.458e+00   1.000e+00   1.000e+00   2000   1000
   123   1.470e+00   1.000e+00   1.000e+00   2000   1000
   124   1.482e+00   1.000e+00   1.000e+00   2000   1000
   125   1.494e+00   1.000e+00   1.000e+00   2000   1000
   126   1.506e+00   1.000e+00   1.000e+00   2000   1000
   127   1.518e+00   1.000e+00   1.000e+00   2000   1000
   128   1.530e+00   1.000e+00   1.000e+00   2000   1000
   129   1.542e+00   1.000e+00   1.000e+00   2000   1000
   130   1.554e+00   1.000e+00   1.000e+00   2000   1000
   131   1.566e+00   1.000e+00   1.000e+00   2000   1000
   132   1.578e+00   1.000e+00   1.000e+00   2000   1000
   133   1.590e+00   1.000e+00   1.000e+00   2000   1000
   134   1.602e+00   1.000e+00   1.000e+00   2000   1000
   135   1.614e+00   1.000e+00   1.000e+00   2000   1000
   136   1.627e+00   1.000e+00   1.000e+00   2000   1000
   137   1.639e+00   1.000e+00   1.000e+00   2000   1000
   138   1.651e+00   1.000e+00   1.000e+00   2000   1000
   139   1.663e+00   1.000e+00   1.000e+00   2000   1000
   140   1.675e+00   1.000e+00   1.000e+00   2000   1000
   141   1.687e+00   1.000e+00   1.000e+00   2000   1000
   142   1.699e+00   1.000e+00   1.000e+00   2000   1000
   143   1.711e+00   1.000e+00   1.000e+00   2000   1000
   144   1.723e+00   1.000e+00   1.000e+00   2000   1000
   145   1.735e+00   1.000e+00   1.000e+00   2000   1000
   146   1.747e+00   1.000e+00   1.000e+00   2000   1000
   147   1.759e+00   1.000e+00   1.000e+00   2000   1000
   148   1.771e+00   1.000e+00   1.000e+00   2000   1000
   149   1.783e+00   1.000e+00   1.000e+00   2000   1000
   150   1.795e+00   1.000e+00   1.000e+00   2000   1000
   151   1.807e+00   1.000e+00   1.000e+00   2000   1000
   152   1.819e+00   1.000e+00   1.000e+00   2000   1000
   153   1.831e+00   1.000e+00   1.000e+00   2000   1000
   154   1.843e+00   1.000e+00   1.000e+00   2000   1000
   155   1.855e+00   1.000e+00   1.000e+00   2000   1000
   156   1.867e+00   1.000e+00   1.000e+00   2000   1000
   157   1.880e+00   1.000e+00   1.000e+00   2000   1000
   158   1.892e+00   1.000e+00   1.000e+00   2000   1000
   159   1.904e+00   1.000e+00   1.000e+00   2000   1000
   160   1.916e+00   1.000e+00   1.000e+00   2000   1000
   161   1.928e+00   1.000e+00   1.000e+00   2000   1000
   162   1.940e+00   1.000e+00   1.000e+00   2000   1000
   163   1.952e+00   1.000e+00   1.000e+00   2000   1000
   164   1.964e+00   1.000e+00   1.000e+00   2000   1000
   165   1.976e+00   1.000e+00   1.000e+00   2000   1000
   166   1.988e+00   1.000e+00   1.000e+00   2000   1000
   167   2.000e+00   1.000e+00   1.000e+00   2000   1000
   168   2.012e+00   1.000e+00   1.000e+00   2000   1000
   169   2.024e+00   1.000e+00   1.000e+00   2000   1000
   170   2.036e+00   1.000e+00   1.000e+00   2000   1000
   171   2.048e+00   1.000e+00   1.000e+00   2000   1000
   172   2.060e+00   1.000e+00   1.000e+00   2000   1000
   173   2.072e+00   1.000e+00   1.000e+00   2000   1000
   174   2.084e+00   1.000e+00   1.000e+00   2000   1000
   175   2.096e+00   1.000e+00   1.000e+00   2000   1000
   176   2.108e+00   1.000e+00   1.000e+00   2000   1000
   177   2.120e+00   1.000e+00   1.000e+00   2000   1000
   178   2.133e+00   1.000e+00   1.000e+00   2000   1000
   179   2.145e+00   1.000e+00   1.000e+00   2000   1000
   180   2.157e+00   1.000e+00   1.000e+00   2000   1000
   181   2.169e+00   1.000e+00   1.000e+00   2000   1000
   182   2.181e+00   1.000e+00   1.000e+00   2000   1000
   183   2.193e+00   1.000e+00   1.000e+00   2000   1000
   184   2.205e+00   1.000e+00   1.000e+00   2000   1000
   185   2.217e+00   1.000e+00   1.000e+00   2000   1000
   186   2.229e+00   1.000e+00   1.000e+00   2000   1000
   187   2.241e+00   1.000e+00   1.000e+00   2000   1000
   188   2.253e+00   1.000e+00   1.000e+00   2000   1000
   189   2.265e+00   1.000e+00   1.000e+00   2000   1000
   190   2.277e+00   1.000e+00   1.000e+00   2000   1000
   191   2.289e+00   1.000e+00   1.000e+00   2000   1000
   192   2.301e+00   1.000e+00   1.000e+00   2000   1000
   193   2.313e+00   1.000e+00   1.000e+00   2000   1000
   194   2.325e+00   1.000e+00   1.000e+00   2000   1000
   195   2.337e+00   1.000e+00   1.000e+00   2000   1000
   196   2.349e+00   1.000e+00   1.000e+00   2000   1000
   197   2.361e+00   1.000e+00   1.000e+00   2000   1000
   198   2.373e+00   1.000e+00   1.000e+00   2000   1000
   199   2.386e+00   1.000e+00   1.000e+00   2000   1000
   200   2.398e+00   1.000e+00   1.000e+00   2000   1000
   201   2.410e+00   1.000e+00   1.000e+00   2000   1000
   202   2.422e+00   1.000e+00   1.000e+00   2000   1000
   203   2.434e+00   1.000e+00   1.000e+00   2000   1000
   204   2.446e+00   1.000e+00   1.000e+00   2000   1000
   205   2.458e+00   1.000e+00   1.000e+00   2000   1000
   206   2.470e+00   1.000e+00   1.000e+00   2000   1000
   207   2.482e+00   1.000e+00   1.000e+00   2000   1000
   208   2.494e+00   1.000e+00   1.000e+00   2000   1000
   209   2.506e+00   1.000e+00   1.000e+00   2000   1000
   210   2.518e+00   1.000e+00   1.000e+00   2000   1000
   211   2.530e+00   1.000e+00   1.000e+00   2000   1000
   212   2.542e+00   1.000e+00   1.000e+00   2000   1000
   213   2.554e+00   1.000e+00   1.000e+00   2000   1000
   214   2.566e+00   1.000e+00   1.000e+00   2000   1000
   215   2.578e+00   1.000e+00   1.000e+00   2000   1000
   216   2.590e+00   0.000e+00   0.000e+00      0      0
   217   2.602e+00   0.000e+00   0.000e+00      0      0
   218   2.614e+00   0.000e+00   0.000e+00      0      0
   219   2.627e+00   0.000e+00   0.000e+00      0      0
   220   2.639e+00   0.000e+00   0.000e+00      0      0
   221   2.651e+00   0.000e+00   0.000e+00      0      0
   222   2.663e+00   0.000e+00   0.000e+00      0      0
   223   2.675e+00   0.000e+00   0.000e+00      0      0
   224   2.687e+00   0.000e+00   0.000e+00      0      0
   225   2.699e+00   0.000e+00   0.000e+00      0      0
   226   2.711e+00   0.000e+00   0.000e+00      0      0
   227   2.723e+00   0.000e+00   0.000e+00      0      0
   228   2.735e+00   0.000e+00   0.000e+00      0      0
   229   2.747e+00   0.000e+00   0.000e+00      0      0
   230   2.759e+00   0.000e+00   0.000e+00      0      0
   231   2.771e+00   0.000e+00   0.000e+00      0      0
   232   2.783e+00   0.000e+00   0.000e+00      0      0
   233   2.795e+00   0.000e+00   0.000e+00      0      0
   234   2.807e+00   0.000e+00   0.000e+00      0      0
   235   2.819e+00   0.000e+00   0.000e+00      0      0
   236   2.831e+00   0.000e+00   0.000e+00      0      0
   237   2.843e+00   0.000e+00   0.000e+00      0      0
   238   2.855e+00   0.000e+00   0.000e+00      0      0
   239   2.867e+00   0.000e+00   0.000e+00      0      0
   240   2.880e+00   0.000e+00   0.000e+00      0      0
   241   2.892e+00   0.000e+00   0.000e+00      0      0
   242   2.904e+00   0.000e+00   0.000e+00      0      0
   243   2.916e+00   0.000e+00   0.000e+00      0      0
   244   2.928e+00   0.000e+00   0.000e+00      0      0
   245   2.940e+00   0.000e+00   0.000e+00      0      0
   246   2.952e+00   0.000e+00   0.000e+00      0      0
   247   2.964e+00   0.000e+00   0.000e+00      0      0
   248   2.976e+00   0.000e+00   0.000e+00      0      0
   249   2.988e+00   0.000e+00   0.000e+00      0      0
   250   3.000e+00   0.000e+00   0.000e+00      0      0
   251   3.012e+00   0.000e+00   0.000e+00      0      0
   252   3.024e+00   0.000e+00   0.000e+00      0      0
   253   3.036e+00   0.000e+00   0.000e+00      0      0
   254   3.048e+00   0.000e+00   0.000e+00      0      0
   255   3.060e+00   0.000e+00   0.000e+00      0      0
   256   3.072e+00   0.000e+00   0.000e+00      0      0
   257   3.084e+00   0.000e+00   0.000e+00      0      0
   258   3.096e+00   0.000e+00   0.000e+00      0      0
   259   3.108e+00   0.000e+00   0.000e+00      0      0
   260   3.120e+00   0.000e+00   0.000e+00      0      0
   261   3.133e+00   0.000e+00   0.000e+00      0      0
   262   3.145e+00   0.000e+00   0.000e+00      0      0
   263   3.157e+00   0.000e+00   0.000e+00      0      0
   264   3.169e+00   0.000e+00   0.000e+00      0      0
   265   3.181e+00   0.000e+00   0.000e+00      0      0
   266   3.193e+00   0.000e+00   0.000e+00      0      0
   267   3.205e+00   0.000e+00   0.000e+00      0      0
   268   3.217e+00   0.000e+00   0.000e+00      0      0
   269   3.229e+00   0.000e+00   0.000e+00      0      0
   270   3.241e+00   0.000e+00   0.000e+00      0      0
   271   3.253e+00   0.000e+00   0.000e+00      0      0
   272   3.265e+00   0.000e+00   0.000e+00      0      0
   273   3.277e+00   0.000e+00   0.000e+00      0      0
   274   3.289e+00   0.000e+00   0.000e+00      0      0
   275   3.301e+00   0.000e+00   0.000e+00      0      0
   276   3.313e+00   0.000e+00   0.000e+00      0      0
   277   3.325e+00   0.000e+00   0.000e+00      0      0
   278   3.337e+00   0.000e+00   0.000e+00      0      0
   279   3.349e+00   0.000e+00   0.000e+00      0      0
   280   3.361e+00   0.000e+00   0.000e+00      0      0
   281   3.373e+00   0.000e+00   0.000e+00      0      0
   282   3.386e+00   0.000e+00   0.000e+00      0      0
   283   3.398e+00   0.000e+00   0.000e+00      0      0
   284   3.410e+00   0.000e+00   0.000e+00      0      0
   285   3.422e+00   0.000e+00   0.000e+00      0      0
   286   3.434e+00   0.000e+00   0.000e+00      0      0
   287   3.446e+00   0.000e+00   0.000e+00      0      0
   288   3.458e+00   0.000e+00   0.000e+00      0      0
   289   3.470e+00   0.000e+00   0.000e+00      0      0
   290   3.482e+00   0.000e+00   0.000e+00      0      0
   291   3.494e+00   0.000e+00   0.000e+00      0      0
   292   3.506e+00   0.000e+00   0.000e+00      0      0
   293   3.518e+00   0.000e+00   0.000e+00      0      0
   294   3.530e+00   0.000e+00   0.000e+00      0      0
   295   3.542e+00   0.000e+00   0.000e+00      0      0
   296   3.554e+00   0.000e+00   0.000e+00      0      0
   297   3.566e+00   0.000e+00   0.000e+00      0      0
   298   3.578e+00   0.000e+00   0.000e+00      0      0
   299   3.590e+00   0.000e+00   0.000e+00      0      0
   300   3.602e+00   0.000e+00   0.000e+00      0      0
   301   3.614e+00   0.000e+00   0.000e+00      0      0
   302   3.627e+00   0.000e+00   0.000e+00      0      0
   303   3.639e+00   0.000e+00   0.000e+00      0      0
   304   3.651e+00   0.000e+00   0.000e+00      0      0
   305   3.663e+00   0.000e+00   0.000e+00      0      0
   306   3.675e+00   0.000e+00   0.000e+00      0      0
   307   3.687e+00   0.000e+00   0.000e+00      0      0
   308   3.699e+00   0.000e+00   0.000e+00      0      0
   309   3.711e+00   0.000e+00   0.000e+00      0      0
   310   3.723e+00   0.000e+00   0.000e+00      0      0
   311   3.735e+00   0.000e+00   0.000e+00      0      0
   312   3.747e+00   0.000e+00   0.000e+00      0      0
   313   3.759e+00   0.000e+00   0.000e+00      0      0
   314   3.771e+00   0.000e+00   0.000e+00      0      0
   315   3.783e+00   0.000e+00   0.000e+00      0      0
   316   3.795e+00   0.000e+00   0.000e+00      0      0
   317   3.807e+00   0.000e+00   0.000e+00      0      0
   318   3.819e+00   0.000e+00   0.000e+00      0      0
   319   3.831e+00   0.000e+00   0.000e+00      0      0
   320   3.843e+00   0.000e+00   0.000e+00      0      0
   321   3.855e+00   0.000e+00   0.000e+00      0      0
   322   3.867e+00   0.000e+00   0.000e+00      0      0
   323   3.880e+00   0.000e+00   0.000e+00      0      0
   324   3.892e+00   0.000e+00   0.000e+00      0      0
   325   3.904e+00   0.000e+00   0.000e+00      0      0
   326   3.916e+00   0.000e+00   0.000e+00      0      0
   327   3.928e+00   0.000e+00   0.000e+00      0      0
   328   3.940e+00   0.000e+00   0.000e+00      0      0
   329   3.952e+00   0.000e+00   0.000e+00      0      0
   330   3.964e+00   0.000e+00   0.000e+00      0      0
   331   3.976e+00   0.000e+00   0.000e+00      0      0
   332   3.988e+00   0.000e+00   0.000e+00      0      0
   333   4.000e+00   0.000e+00   0.000e+00      0      0
   334   4.012e+00   0.000e+00   0.000e+00      0      0
